-1000000
-19.0341072083
-20.3075008392
-12.6133108139
-12.5256633759
-15.5564517975
-19.7634220123
-1000000
-18.1786708832
-18.2899780273
-19.1371459961
-13.2864255905
-1000000
-19.594335556
-12.7401762009
-18.9949436188
-1000000
-18.583366394
-17.4397506714
-20.5739746094
-1000000
-19.4920043945
-14.587269783
-19.802444458
-1000000
-12.9105005264
-13.3920669556
-17.4048900604
-18.6228618622
-1000000
-13.7253217697
-17.9380912781
-12.515753746
-1000000
-14.4086732864
-12.8407821655
-16.2970809937
-1000000
-12.6298980713
-17.4353561401
-16.4508628845
-15.9174175262
-15.2401390076
-13.2668943405
-1000000
-16.2897338867
-16.5809192657
-16.045665741
-17.3607158661
-1000000
-19.3516159058
-12.5865097046
-19.1815452576
-1000000
-12.6276941299
-16.9638309479
-18.5180435181
-12.42091465
-20.7694015503
-12.5596761703
-21.9869480133
-1000000
-15.4560194016
-16.4167900085
-17.590133667
-20.2843742371
-13.4034194946
-1000000
-17.79413414
-19.2494525909
-20.207365036
-16.4942626953
-17.2535095215
-1000000
-19.2225761414
-13.5092544556
-1000000
-17.8829078674
-18.0620613098
-16.8761062622
-1000000
-15.7913589478
-17.9137001038
-16.3212528229
-1000000
-12.4613990784
-18.6143302917
-20.5340137482
-1000000
-21.7551689148
-12.970541954
-20.0245399475
-19.2726039886
-1000000
-12.4982471466
-19.9462490082
-21.2336673737
-21.0427532196
-1000000
-21.6874904633
-20.1672706604
-14.2959852219
-13.759013176
-1000000
-18.5921421051
-21.49077034
-19.1659393311
-21.1399364471
-12.5827484131
-20.5292034149
-20.1650428772
-21.1357917786
-1000000
-20.0753860474
-21.1181125641
-12.7903318405
-19.2609043121
-1000000
-19.5753555298
-12.8374414444
-20.8686714172
-1000000
-16.6261863708
-22.6486339569
-21.3247795105
-12.6634712219
-19.4670505524
-1000000
-22.8043498993
-21.2076053619
-21.3020801544
-21.6752433777
-1000000
-20.6117610931
-14.8153629303
-13.9978094101
-1000000
-21.9348773956
-20.2600669861
-22.5508785248
-19.946844101
-19.8206329346
-1000000
-21.4144763947
-21.8473014832
-22.2478885651
-22.7696170807
-1000000
-21.5755138397
-19.421497345
-12.8251829147
-12.6865434647
-1000000
-20.282781601
-12.6547241211
